21
33
3
0
0
41
0
37
4
0
0
0
0
0
0
101
0
0
48
0
0
48
5
60
0
0
0
55
0
0
0
0
0
0
0
3
0
0
6
12
0
0
12
15
0
0
35
5
44
9
20
7
35
46
0
0
0
0
49
0
0
2
2
11
65
0
56
0
0
0
19
42
30
0
0
17
0
11
0
59
0
22
0
0
64
6
0
18
0
12
24
22
0
0
19
21
33
0
0
51
0
23
10
0
66
0
11
9
30
20
12
66
0
5
18
2
24
0
0
16
0
0
0
19
0
0
54
11
8
50
0
1
0
15
47
0
0
0
15
0
6
0
0
15
0
0
49
0
4
23
27
34
36
33
0
19
0
0
0
30
0
0
0
53
0
14
0
0
61
0
35
0
24
0
0
0
7
0
9
0
0
0
0
33
49
60
19
0
0
0
0
0
0
0
0
0
4
0
0
0
0
18
0
0
0
52
0
53
0
0
0
0
21
0
0
7
0
28
38
29
0
11
0
33
0
0
0
0
13
7
0
30
8
0
0
0
11
2
7
0
0
7
0
5
30
26
16
47
0
15
21
0
26
9
0
68
