0.040959567
0.014114492
0.012886353
0.08404155
0.08567107
-0.028205648
0.079228714
-0.05409438
0.07698062
-0.019569851
-0.06713546
-0.031434033
-0.03580206
0.072147146
-0.0417981
0.07219377
0.022104502
-0.051635712
0.009157397
0.033332385
0.053397253
0.03511893
-0.06683892
0.020241998
-0.08478826
0.03011369
0.007780239
0.0072339997
-0.07327942
-0.009427398
-0.045357272
-0.051407717
0.06529124
-0.076105595
0.010201998
0.051354557
-0.061461158
0.012937099
-0.08698711
-0.07189119
-0.07479449
0.05107653
0.031735256
-0.057516746
0.01729247
-0.050827343
0.025133856
-0.06035859
-0.0739822
0.16052206
0.060670577
0.04474065
-0.07166293
-0.033328954
0.2636733
-0.06428826
0.04062113
-0.09877425
0.35035077
-0.02159057
0.019003935
-0.16099401
0.3183009
0.050058033
0.081249684
0.08429353
0.01310166
-0.08059857
-0.040946975
0.035669766
-0.036353327
0.009259924
-0.0292308
-0.068774775
0.07414353
-0.048879668
0.031693257
0.033200666
-0.07941635
0.04319194
0.0031100959
0.07704121
0.0025930032
-0.07716838
-0.06413197
-0.065252155
0.011803947
0.08635859
0.07090424
-0.07245969
-0.069555186
-0.08012078
0.025453612
0.011929005
-0.022971645
-0.029602718
-0.027131584
0.010640055
-0.014095582
0.0786577
0.038672864
-0.08476565
-0.029122263
-0.079304315
-0.044489443
0.041850865
0.074023366
0.06253776
-6.2957406e-05
-0.0031337515
-0.07675101
-0.054890063
-0.0018499196
0.0109509975
0.084707245
-0.019788072
0.022180542
-0.013721749
-0.022335805
-0.008534789
0.009724379
0.07161464
0.053865284
-0.07248628
0.0116238445
0.066420466
-0.027717993
0.07798916
-0.045214057
0.26717827
-0.23357622
0.042672455
0.059042916
0.43731916
-0.15634121
0.0738481
-0.18434475
0.67707896
-0.08026425
-0.045571204
-0.22245736
0.691843
-0.2593816
-0.024115676
-0.14595485
0.7783331
-0.28439093
0.17572494
-0.1803283
0.8871277
-0.1220083
0.23502918
-0.23340082
0.85250115
-0.2989856
0.29709175
-0.1603447
0.89818794
-0.4394663
0.15734985
-0.15411858
0.92739624
-0.32682523
-0.020028014
-0.1038831
0.8379352
-0.2833614
0.32234743
0.03783174
0.28613216
0.045288447
-0.06327801
-0.3878955
0.098786816
0.13168664
-0.25936022
-0.4009832
0.43421224
0.39314306
-0.16399774
-0.4105794
0.74325085
-0.04588359
0.0027574166
-0.035480846
0.9068825
-0.5726675
-0.06379599
-0.24024263
0.6120887
-0.37820134
0.06686883
-0.25464216
0.6681695
-0.29019487
0.048537232
-0.1517805
0.5410616
-0.25109586
-0.02936541
-0.27723765
0.42769906
-0.030034713
0.05702716
-0.22326693
0.2770834
0.07020168
0.004894577
-0.053619776
-0.064731315
0.07129301
0.009039603
-0.03527034
-0.0001200214
-0.028178975
-0.08487793
0.039936453
-0.04033664
0.056289688
-0.012858748
-0.04972794
0.07552275
0.069107145
-0.0823718
0.059535176
-0.05791218
-0.056716263
-0.039846428
0.07109724
-0.08664473
-0.07311875
0.009554096
-0.10966221
0.10020581
0.080819756
-0.016075648
0.06433291
-0.1690389
-0.015770577
0.046841413
0.02568554
0.35814464
-0.3171332
0.09995118
0.0110800965
0.4809004
-0.25771222
0.20539095
-0.33661592
0.7419696
-0.10996397
-0.1634739
-0.48676994
0.76191694
-0.23930666
-0.050680123
-0.543266
0.9535255
-0.18442337
-0.19506533
-0.8206684
0.42471993
0.3422227
0.08008832
-0.8175416
0.79122907
0.03384281
0.21550615
-0.82368034
0.82094115
0.18741953
0.047574997
-1.2635616
0.85110354
0.28947222
0.0065283263
-1.340399
0.7466949
0.3696122
-0.25209767
-1.2997546
0.7913622
0.2929518
-0.5313087
-1.0258716
0.41291234
0.5237656
-0.70446783
-0.8525195
0.61456823
0.43133882
-0.30466738
-0.79211175
0.73451614
0.37022004
-0.26491246
-0.33487642
0.7645882
0.25113046
-0.21789652
-0.13991262
0.87474185
-0.09410745
-0.128834
-0.24218518
0.955744
-0.32009014
-0.18465957
-0.76889646
0.9384969
-0.31652033
0.039142415
-0.8016841
0.7522048
-0.16595088
0.02544721
-0.6762014
0.30623603
0.103000574
0.304241
-0.46018794
-0.22907779
0.24153146
0.28785852
-0.2680284
-0.28318456
0.39455196
0.43935663
-0.08670163
-0.044371735
-0.0787135
-0.024698444
-0.0111118555
0.02831468
0.0033654645
-0.06794406
-0.0049763024
0.058405235
-0.08655956
0.060154945
0.03525532
-0.074248046
-0.042867187
-0.06312839
-0.05748071
0.22277664
-0.011124595
0.018787023
-0.40850294
0.09438103
0.16403992
0.04907931
-0.13326706
0.3479297
-0.05666938
-0.35777792
0.0015777899
-0.3038838
0.36603343
-0.023349568
0.01674865
0.40835226
0.024393214
-0.31565675
-0.21395743
0.5102933
-0.031253465
-0.45369253
-0.22377704
0.67489696
-0.04478161
-0.010507773
-0.17435674
0.6690847
0.19906823
-0.121217534
-0.27383772
0.5501372
0.07581097
-0.018359533
-0.18675806
0.5781625
0.19426459
0.28931966
-0.09008532
0.46603543
0.43030044
0.4854264
-0.20852956
0.4833036
0.43560737
0.20405862
-0.07814168
0.63842446
0.22471908
0.22981878
0.0006314906
0.4666542
0.18769288
0.17489418
-0.22300833
0.36857402
0.21206799
0.16730605
-0.21293294
0.33575302
0.21436861
0.2056048
0.021425847
0.57962435
0.035654537
-0.10664813
-0.36927727
0.49308136
0.15932581
-0.07355702
-0.25436577
0.38101327
0.009399017
0.0044120695
0.06773104
0.44492954
-0.10730824
-0.15137945
0.25299126
0.51366913
-0.14907493
-0.36196434
0.009043146
0.66565144
-0.47888806
-0.039249696
-0.40671477
0.49618176
-0.23584887
0.34145
-0.10782953
-0.31990573
0.20053561
0.3561151
-0.29184276
0.21062577
-0.39265266
0.44210628
0.03929247
0.077517316
0.019994445
-0.039184812
-0.0040682107
0.016090006
-0.018395387
0.015916623
0.19983877
0.010174749
-0.22178346
0.22113374
0.490297
-0.37191367
0.29692033
0.3019489
-0.054403197
-0.011029261
0.36261457
0.59467643
-0.11972367
0.23415712
-0.44033492
0.017843397
0.1740919
-0.25926125
0.18089499
0.060790055
0.30074593
-0.05884096
0.11829951
0.12404836
0.19326314
-0.014664257
0.13893214
0.26030928
0.20895676
0.032615375
0.28332928
0.3179663
0.09821801
0.21143997
0.33399087
0.26181564
0.007916764
0.1824585
0.3957402
0.38370955
0.34487608
0.05914126
0.3430335
0.5622691
0.12923266
0.18127266
0.36617568
0.2434577
0.11306649
0.21247204
0.3089745
0.23430407
0.21070686
0.1763712
0.28570738
0.17892101
0.087929346
0.19524862
0.27040067
0.32470185
0.21306978
0.14070924
0.081705816
0.13025023
0.14039905
0.1758971
0.105292015
0.19938648
0.25629777
0.11160601
0.08707621
0.28887513
0.23504172
-0.115862444
-0.040306248
0.030991077
0.08269756
-0.15880023
0.010299433
-0.081344485
0.2073625
-0.16983612
-0.24381955
-0.07374564
0.2073582
-0.15469977
-0.20228404
-0.120461024
0.30909503
-0.0013962521
-0.42322394
-0.3347116
0.38381526
-0.042775564
-0.43504426
0.044212915
0.084491305
0.32311776
-0.075937115
0.3544208
-0.0013523165
0.120106444
0.270387
0.5819367
-0.5108727
0.40308657
-0.09248715
0.09190027
0.071459234
-0.0010364056
-0.06592573
0.06843522
-0.0038059577
0.05299151
-0.058897153
-0.009260111
-0.10133343
0.35566464
0.53775615
-0.16924182
0.17638895
-0.34958628
0.42215914
0.6601222
-0.20092604
-0.12147271
0.22979379
0.08795317
0.15491605
-0.49853563
0.34152177
0.11421923
0.10862365
-0.28283826
0.031762425
0.1951576
0.021147627
-0.083068326
0.030693606
0.25511563
0.005355857
0.08924682
0.14250557
0.28043765
0.065082416
-0.0395891
0.22458664
0.20285614
-0.08489046
0.11087541
0.08620016
0.30521476
0.14718153
0.047158416
0.19707125
0.35434875
0.14675605
0.044577103
0.22380677
0.17990741
-0.004680883
0.077912845
0.22531925
0.25048307
-0.008004686
0.105117224
0.17646237
-0.02991335
-0.08032949
0.1104053
0.26600644
0.00434466
-0.03508418
0.1713073
0.10605574
0.009670147
-0.015551171
0.33526102
0.03370966
0.048628945
-0.027238475
0.14294595
-0.03195258
0.009135021
-0.066920124
0.2208053
0.0040910225
0.028747434
0.042832475
0.17385893
-0.08356884
0.04154544
0.10319946
0.03041708
-0.029356001
0.09081738
0.17766063
-0.12575747
-0.12685873
0.12880428
0.28641173
-0.038514055
-0.48847115
-0.01428001
0.24613114
0.051615912
-0.20521165
0.30288422
0.50772655
0.53302366
-0.024430292
0.6981475
0.17165425
0.542676
0.12824333
0.33223498
-0.1474933
0.34534723
-0.27696288
-0.41120654
0.027259491
0.028258301
-0.018880092
0.07514973
-0.16666459
0.13898781
0.28541398
0.30650148
-0.076905325
0.21718925
-0.18733795
0.36678895
0.017831026
-0.03927566
0.46330106
0.7789421
0.0064398716
-0.10662203
0.30356583
0.107649624
0.25287408
-0.20837636
0.12143534
0.10770845
0.053095054
-0.26857874
0.16028546
0.25223976
0.014724271
-0.08856458
0.12767571
-0.046769418
0.077678464
-0.074695714
0.20964433
0.19922093
0.11446938
-0.04684693
0.07643137
0.18742156
0.02802132
-0.06108641
0.16037564
0.23008096
0.1595748
-0.0015315136
0.095907025
0.23759268
-0.022372713
0.039551012
0.18649967
0.1659309
0.1848218
0.07190277
0.15846403
0.33002585
0.10030795
0.07453317
0.13053638
0.2992818
0.1602358
0.119580574
0.18429148
0.3072004
0.10284093
-0.090548195
0.2194623
0.2634318
0.15236044
0.006640235
0.030030586
0.2465419
0.014592853
-0.097283475
0.058060028
0.24070965
0.19539554
0.06606284
-0.01687631
0.0926874
0.11970809
0.111633405
-0.024184188
0.17485009
0.12855822
-0.0059434497
0.0020770752
0.093745664
0.13669905
0.028722228
-0.20972027
0.028052753
0.35796332
0.29977483
-0.28655598
-0.114432424
0.6600292
0.60491127
-0.2981845
0.38223863
0.91819185
0.88125986
-0.105216905
0.592078
0.42472243
0.26657745
0.07124401
0.4038664
0.14893374
0.2929164
-0.04641317
-0.035197586
0.069108695
-0.136425
-0.01764499
-0.07287595
-0.5953009
0.38497907
0.34251776
0.65594316
-0.104667366
-0.05935702
0.32864603
0.34325817
0.32893208
-0.13772188
0.33816674
0.35014397
0.13391547
-0.053037517
0.5520115
0.18433984
0.027922865
0.07695588
0.0150250755
0.112995036
-0.08875373
-0.12072178
0.23977706
0.20945187
-0.08022054
-0.07245696
-0.11827915
0.08901011
0.08822344
-0.014999891
-0.03525719
0.19012414
0.07784565
-0.026931183
-0.018800097
0.11878824
0.02942777
-0.06182566
0.021227064
0.20132883
0.024477907
0.012324896
-0.006073216
0.19760445
0.11763052
0.025156766
0.09138952
0.33988678
0.16794206
-0.02591149
0.19549257
0.21286924
0.119862795
0.14526562
0.16124587
0.3546095
0.21175967
0.2455932
0.104907736
0.30997372
0.23972854
0.08243033
0.11687443
0.25977376
0.15228084
0.047244634
-0.06317522
0.25884274
0.16413912
0.046609383
0.0074644536
0.21193399
0.10893508
-0.03538904
-0.0010142508
0.19789004
0.17884822
-0.032813653
0.11678095
0.14764427
0.070802346
0.12865178
-0.060511436
0.13192347
0.072985135
0.13860741
0.1298314
-0.01109442
0.3597127
0.25052324
-0.18067771
0.1573768
0.6345745
0.7110513
-0.3570268
0.3229853
0.6755199
0.93250966
-0.17151004
0.6578203
0.14294617
0.42384228
0.24580279
0.18292789
0.025570113
0.35633084
-0.11972349
0.36844134
0.03441516
-0.09969276
0.09571602
0.021727368
-0.08795726
-0.4600341
0.354295
0.49597713
0.12943652
-0.04087695
0.61964667
0.12862284
0.17850786
-0.1011171
0.29710534
0.2581763
0.2733565
-0.079510376
0.60841984
0.1668041
0.18013905
-0.16075665
0.1300533
0.14874694
0.058924757
-0.044800263
0.09356852
0.043177623
0.13886535
-0.07358058
0.094860286
-0.03686872
0.08109868
-0.04437025
-0.021482375
0.112268314
0.063897185
-0.000100169724
-0.12739418
-0.06966541
0.02853595
-0.001424666
0.083218224
0.050761618
0.11131746
-0.042576443
0.05502463
0.09146679
0.14973576
0.05620388
0.1129484
0.2738554
0.21814029
0.06595082
0.15495263
0.29214504
0.09999498
0.091474675
0.24747753
0.2928624
0.12642428
-0.07214935
0.14268349
0.22370435
0.004219853
-0.00212591
-0.05158321
0.30346587
0.027618255
-0.17754963
0.089178406
0.10269624
0.13701248
-0.132271
0.0601629
0.21805477
0.11525509
0.048517257
0.12107966
0.16902241
0.1243364
0.011800828
-0.028879995
0.15785378
0.14376819
0.075346954
0.060600508
0.09200634
0.020234725
0.05585612
0.16239618
0.10851694
0.34795785
0.33299005
-0.29477957
0.35879388
0.98744655
0.8064561
-0.43169475
0.44178897
1.0510842
1.0769012
-0.07302667
0.7089264
0.3398594
0.6545739
0.55002046
0.41742906
0.12481369
0.106910884
0.35145077
0.36435854
0.07847939
-0.0023821106
-0.0051821885
-0.05985973
0.017683858
-0.4639997
0.50761586
0.54281133
0.26146033
0.18875092
0.6603036
0.3807921
0.19516204
-0.05833735
0.28814974
0.5158131
0.094478965
-0.21259019
0.57445735
0.2834253
0.03888962
-0.09614725
0.39284447
0.052050788
0.17095062
0.057038683
0.3360322
0.024863541
0.06381125
0.06461897
0.30727947
-0.12641236
0.058019336
-0.005277694
0.02655431
-0.048027277
0.09696234
-0.031786144
0.19907495
-0.05624698
0.024358464
-0.009657056
-0.10837062
0.02976691
0.1315137
0.016107583
-0.062034618
0.020351037
0.030056402
-0.12217352
-0.05090147
0.0797466
0.006302787
-0.08898993
0.03472641
0.11978593
-0.10112992
-0.23261736
0.20734082
0.21532245
0.0566565
-0.23431695
0.19400306
0.2579155
0.025232859
-0.22219257
0.05169877
0.26355055
0.084371544
-0.23742512
-0.03297049
0.24219221
0.044292692
-0.20649341
0.0031688474
0.118573815
0.051928718
-0.008510711
-0.005164696
0.22383925
0.11119772
-0.09227853
-0.05535654
0.14340769
0.11545463
0.071623854
0.047466315
0.081152104
0.13692695
0.06657935
0.10350363
0.13017268
0.38023028
0.5900909
-0.07559085
0.2548853
1.0628197
1.0257254
-0.31066188
0.9161975
0.9514848
0.93150264
0.076678306
1.1697278
0.2856625
0.36404625
0.5627366
0.66736907
0.11749956
-0.16389063
0.2836425
0.6575129
0.13632496
0.007935456
0.06672095
0.05133519
0.43372914
-0.5009937
0.57406163
0.39362648
0.25011292
-0.016686928
0.6430315
0.6250286
0.15280965
0.03154968
0.2589767
0.66954213
0.17111015
0.08315079
0.36274934
0.14734727
-0.15383929
-0.11841366
0.3389477
0.108218
-0.0063007274
0.061119378
0.352693
-0.050880913
0.0798892
-0.0009606323
0.08613344
0.022191353
0.08250947
0.035857983
-0.09431166
0.045878932
0.17119184
0.03449076
-0.16605978
0.05852842
0.28006837
0.08314551
-0.2397254
0.003853943
0.09828377
0.061670985
-0.364084
0.06480854
0.10951723
0.054323796
-0.31852832
-0.14792514
-0.05295056
-0.049957555
-0.19158989
0.043955993
-0.008029656
-0.17531845
0.15647043
0.1526387
0.06488935
-0.29610857
0.10867438
0.18357478
0.03486398
-0.25728673
0.064766414
0.37833142
-0.048430197
-0.1348351
0.031492956
0.19673602
-0.04692753
-0.08467719
0.008507428
0.19319354
0.14032635
-0.18399568
0.03865291
0.17773783
0.038513586
0.0017620919
-0.012541968
0.23452748
0.057330366
-0.027185991
0.06369942
0.22371335
0.18746494
-0.08437373
0.12872784
0.06864412
0.11567373
0.49932072
0.0977481
0.44365984
0.6191052
1.0050519
-0.17033675
0.7126517
0.7647895
0.595906
0.25072002
1.0835418
0.3301249
0.355536
0.055219274
0.9585842
-0.04912313
-0.10791542
0.37578073
0.37936375
0.3475129
-0.18904464
0.26148653
0.18211794
0.033532433
-0.37620053
0.24450669
0.3704458
0.3499191
-0.5014577
0.040054996
0.6611323
0.14314939
-0.110861994
0.12777533
0.481882
0.00032331917
0.039448842
-0.08017915
0.041115433
0.14292528
-0.17660107
-0.11394568
-0.10605985
0.114674956
-0.04686129
-0.15433496
0.0790163
0.297928
0.021652672
-0.40956873
0.177226
0.30624297
0.11951294
-0.4204098
0.09477508
0.33152536
0.05739101
-0.46953753
0.11712834
0.28510702
0.036295325
-0.38476244
-0.013595391
0.25117308
0.07043997
-0.27129555
0.0681594
0.33276305
0.11331816
-0.29414618
-0.083019525
0.21173693
0.17607453
-0.27246258
0.11992837
0.34471643
-0.035312712
0.24396499
0.06389816
0.34675625
-0.23723792
0.24738128
-0.062056415
0.19914569
-0.14811884
0.048341222
-0.08013205
0.20339273
-0.23676598
-0.059293143
0.03164669
0.06726305
-0.13466181
0.10281
-0.0018742427
-0.110093
-0.0306526
0.14457202
-0.03205831
0.04004123
-0.12193823
0.12386662
0.056680363
-0.12024521
-0.09145107
-0.060451232
-0.030756062
-0.010333559
-0.17416118
0.12809248
0.019673618
-0.14532074
0.3989483
0.24964389
0.05025976
0.21060212
0.83012396
0.2902865
0.18023142
0.54423577
0.4336856
0.36590743
0.374774
0.6275426
0.07929888
-0.114775464
0.7744638
-0.19442196
-0.0056344923
0.2366298
-0.56915605
0.21930686
-0.3892824
0.20480312
0.13375716
-0.06455036
0.028275266
-0.28632876
0.3101323
0.1433897
-0.13741195
-0.07993752
0.5153772
-0.013150754
0.08299327
-0.31072578
0.083556026
0.14776246
-0.08586867
-0.6367094
0.07467432
0.1558087
-0.120380394
-0.7099074
0.14028394
0.22908264
0.0018436994
-0.8963774
0.059411842
0.50388014
-0.024323197
-0.53400344
0.07523875
0.24894421
0.012390732
-0.3434653
0.0043666055
0.2338543
0.07086734
-0.07758943
-0.066742316
0.232646
0.052355222
-0.16774447
0.017327303
0.2746923
0.08564004
-0.2811619
0.00789761
0.13614786
0.22712032
-0.2892659
0.11674828
0.29391786
0.42068782
-0.090062246
0.055111527
0.3945646
0.26852533
0.46816587
-0.06719732
0.25298235
0.14485279
0.3009461
-0.20766126
0.20961957
0.0064251046
-0.008351691
-0.02782737
0.18330123
-0.041291773
-0.030113341
-0.047403093
0.23464915
0.050846398
0.09230151
-0.12862885
0.09294225
0.014677246
0.11521872
-0.19619763
0.06766822
0.07492525
0.10433803
-0.07323185
-0.060503047
-0.048339635
-0.02553832
-0.21446835
0.055251867
-0.14785159
-0.09037714
-0.14310445
0.16299577
0.25902057
-0.012996958
-0.06270079
-0.064950086
0.50826144
0.17048831
-0.04142253
-0.020890567
-0.051994793
0.61268765
-0.04210115
0.05927329
-0.40179628
0.6801781
0.36140773
0.02026693
-0.634461
0.46195012
-0.077011324
-0.15494831
0.12535343
0.16247186
-0.12909584
0.09322906
0.25338882
-0.43697903
0.0341411
-0.032505915
0.04778443
-0.08900336
0.43306687
-0.04569864
0.03182687
-0.4260063
-0.07291567
0.201082
-0.21598126
-0.9284236
-0.09112991
0.4092679
0.022893623
-0.9333807
0.036088925
0.38856983
-0.008276563
-0.61272717
-0.028221428
0.35690266
-0.000992756
-0.29688805
-0.04887359
0.20343366
0.005789801
-0.03692968
-0.05076068
0.07346928
0.07409091
-0.122313134
-0.080031015
0.06875938
-0.16025266
-0.33024853
-0.09298147
0.09399319
0.15053008
-0.21125522
-0.029960005
0.01708516
0.32836124
-0.17514658
0.14253476
0.26888472
0.30667424
0.16036098
-0.08524505
0.2364546
0.32897386
0.5302704
-0.10064606
0.3442222
0.25920558
0.24197555
-0.24149872
0.23435013
0.13360314
0.14456232
0.024093885
0.15521488
-0.029694393
0.02502887
-0.09320757
0.25388065
0.12752062
0.1324525
-0.03502105
0.1763629
0.109073944
0.017797584
-0.07710945
0.13975695
-0.13024773
0.099139296
-0.1204766
0.04498801
-0.25753412
-0.28107664
-0.2114405
-0.07687859
-0.01927932
-0.45660847
-0.16364346
-0.27254626
0.23502393
-0.34895322
0.004145944
-0.50620365
0.18976057
-0.24181299
0.20188594
-0.44456697
-0.10923567
0.44216534
-0.2723373
-0.2501643
-0.6406195
0.6733388
0.075290784
-0.31938973
-0.42522556
0.14767724
0.4104601
0.029974319
0.3209828
-0.28177115
0.25257242
0.11201766
0.020947391
-0.17812559
0.076492265
-0.105065025
0.12437037
-0.1352061
0.13179588
0.31902543
-0.31918868
-0.3353656
-0.20185755
0.2594291
-0.23027407
-0.39088747
-0.04222149
0.09501671
-0.069727145
-0.39092574
0.021353764
0.07253314
0.08760904
-0.19560988
-0.0953298
0.0048630177
-0.030778497
-0.07083328
-0.10596687
0.090182036
-0.003432432
-0.11582178
-0.09436646
-0.041132953
-0.038078375
-0.10013331
-0.08932778
-0.11461419
-0.055770706
-0.20980656
-0.012782979
-0.21218246
0.300746
-0.23498064
-0.24053994
0.03530606
0.194219
-0.028491855
-0.076517865
0.3595776
0.41556773
0.34981778
-0.1281402
0.2341939
0.3564745
0.433815
-0.18610612
0.2566112
0.11542603
0.25972113
-0.13451
0.20161195
0.15923727
0.07234771
-0.027889393
0.2695193
0.019779205
0.015751913
-0.111549065
0.17187087
-0.044442493
0.1629084
0.036165416
0.07589525
-0.21404114
-0.08884465
-0.107092306
-0.09745733
-0.20241538
-0.299238
-0.06137415
-0.05967374
-0.23908234
-0.23111632
0.0001937782
-0.17079347
-0.10963912
-0.31733564
-0.14443143
-0.20705184
0.014941619
-0.30211005
0.17101394
-0.26991072
0.10382299
-0.3309491
0.27561942
-0.13586399
-0.12950206
0.11962285
-0.23597665
-0.5649325
-0.28507572
0.69407856
0.36342147
-0.26788595
-0.35000882
0.2225905
0.11552384
0.21082596
-0.09647224
-0.32071042
0.25515553
0.038013797
-0.066195324
0.021311807
0.050344434
0.047954746
0.50327617
-0.40507677
-0.04847595
0.3606814
-0.19640927
0.09418748
-0.3549831
-0.066179976
-0.53130114
-0.12918754
0.09856177
-0.24514996
0.004270232
0.0544723
-0.05305607
-0.22025369
-0.06000417
0.07860754
-0.12170634
-0.10919125
0.052617516
-0.049571596
-0.034027062
-0.0068730423
0.06394915
-0.13081676
-0.09625647
-0.0729193
0.07447466
-0.16351376
-0.08953653
-0.123297974
-0.0014381883
-0.27575216
-0.011406902
-0.15839927
0.028567633
-0.0064325505
-0.15015498
0.13828447
0.23327014
0.014634411
-0.22663067
0.081900544
0.39363062
0.4530414
-0.16957505
0.16384737
0.2922721
0.47788757
-0.3767549
0.10112597
0.05006415
0.16010499
-0.16760771
0.11319974
-0.048121866
-0.025715785
-0.1374653
0.22465715
-0.13578925
-0.073999144
-0.11445557
-0.032924447
-0.2989703
-0.11549722
0.05129072
-0.04524044
-0.25553077
-0.18782933
-0.0010940566
-0.11437877
-0.25637743
-0.3323107
0.06892287
-0.09659955
-0.1260646
-0.22041467
0.060307
-0.046763387
-0.22814104
-0.20417823
-0.0051078964
0.009330144
-0.12839042
-0.1380337
0.056214888
-0.45403087
0.1167848
0.036426973
0.2652234
-0.52292424
0.26531813
0.17041886
-0.20893678
-0.40417188
-0.20455727
0.664107
-0.073153876
-0.049206804
0.01849331
0.5805698
0.3760667
0.28132525
-0.32004672
0.07791735
0.2917427
-0.33047545
0.41611195
-0.2545365
0.39838478
-0.17368923
0.23239158
-0.06577985
0.4911071
-0.116811655
0.11687864
0.19989105
0.09198869
-0.28916544
-0.3827441
0.08364636
0.12801558
-0.2996325
-0.1643885
0.100202225
0.0039380034
-0.2542804
-0.18691412
-0.109322354
-0.29142058
-0.24282014
-0.19568206
-0.17010114
-0.06693251
0.006988449
-0.11747958
-0.19278549
0.010632466
-0.005077649
0.15521733
-0.041071374
-0.06362518
-0.110752925
0.013025824
0.06088129
-0.08803158
0.015956962
0.24897918
0.027680729
-0.1352587
0.23393957
0.3085829
0.18038468
-0.08644444
0.1834831
0.29908964
0.47850358
-0.27114215
0.13822903
0.097005725
0.35113144
-0.34327522
0.07410477
0.019942643
0.022287872
-0.21341605
0.09736196
-0.040525664
-0.032842163
-0.1435712
-0.002792716
-0.2661293
-0.17202774
-0.0028959194
-0.19358459
-0.21633142
-0.12615229
-0.017750409
-0.23799124
-0.28889397
-0.2040549
0.046640493
-0.23410547
-0.36121264
-0.21008188
-0.1446629
-0.31437406
-0.12964328
-0.101914786
-0.08747504
-0.19098498
-0.120299965
-0.087832935
-0.11002945
-0.025051663
-0.032476947
0.1137442
-0.04997054
-0.44851944
0.06293892
0.36933166
-0.06394956
-0.9357397
0.30757293
0.6464954
-0.27889735
-0.65860844
-0.110599026
0.7506293
-0.13262181
-0.25370032
-0.3496931
0.48257887
0.41604465
-0.017796189
-0.039633475
0.07536423
0.07441887
0.10440462
-0.34629953
0.35032022
0.28673148
-0.0053961724
0.22959214
0.048015717
0.10306528
-0.010260675
0.049800545
0.030772684
0.2751465
-0.2009198
-0.14433326
0.18446201
0.20322077
-0.16017509
-0.09116592
0.12206948
0.03786663
-0.19412099
-0.1676697
0.024447102
-0.078642614
-0.29240984
-0.27753815
-0.12836538
-0.14494435
-0.23372377
-0.09230216
-0.08119539
-0.19451614
-0.10690951
0.06200523
0.022972863
-0.052228287
-0.14593251
0.24548778
0.040974334
-0.13772875
0.030520126
0.3508745
0.042176872
-0.17314218
0.0838799
0.28594977
0.35503316
-0.25048602
0.12852779
0.045705277
0.29738635
-0.31722876
-0.08052105
-0.009315139
0.18418255
-0.4033662
-0.09817216
-0.17073445
-0.07868809
-0.09981572
-0.075155996
-0.11363626
-0.11032114
-0.0026182502
-0.2188457
-0.18951924
-0.25153038
0.05990691
-0.050850827
-0.1394674
-0.20683499
0.009081415
-0.18464427
-0.11981217
-0.06764262
0.103934035
-0.17478806
-0.1147775
-0.23946705
-0.02023553
-0.06967423
-0.16618575
-0.02713872
-0.015456619
-0.23245879
-0.14541149
-0.012222665
-0.0506007
-0.02460513
-0.11830916
0.025431644
-0.17741153
-0.28624663
0.09884529
0.17078662
-0.09112673
-1.1063011
0.32073602
0.6810101
0.04942493
-0.5759668
-0.083315894
0.8018194
-0.30852866
-0.3282001
0.22725324
0.4459215
-0.07374264
0.31712684
0.21383832
-0.15984292
-0.18814759
0.021522863
-0.21971221
0.3031721
0.42076996
0.4066018
0.109614514
-0.055933468
0.3277832
0.1417663
-0.15700331
0.22598913
0.2003819
-0.07541619
0.03280623
0.23117647
0.17303981
-0.115097076
-0.016860742
0.1613984
0.060853034
-0.03593949
0.04202919
0.006978187
0.10780766
-0.2534901
-0.011139565
-0.04614462
-0.072655015
-0.2777432
-0.06691136
-0.06891256
-0.16394088
-0.24313031
0.051371492
0.0009532112
-0.35404107
-0.27559003
0.10638198
-0.037833706
-0.26785088
-0.17886384
-0.000360395
-0.00029983514
-0.18991803
-0.29103348
-0.052379638
0.1541918
-0.41422045
-0.3040922
-0.22125037
0.15141936
-0.35847947
-0.19523017
-0.22367716
0.039639577
-0.32411516
-0.17580244
-0.17226513
-0.032889366
-0.05492586
-0.11905991
-0.036006834
-0.07766472
0.05540226
-0.16712616
0.02432965
-0.034316476
0.13632475
-0.17882702
-0.01794303
0.03249863
0.08226438
-0.18942705
0.07534449
0.047117293
0.113277815
-0.042007174
0.04521882
0.036343932
-0.09386869
-0.17692621
-0.03595548
-0.000101259255
0.16538057
-0.18195267
0.1853639
0.17235924
0.24850895
-0.24835843
0.19967654
0.12842861
-0.13213125
-0.4818968
0.27019137
0.38469693
-0.028794672
-0.672206
0.12145197
0.7921552
0.017537586
0.3589923
-0.47229478
0.48038793
0.05690954
-0.03083272
-0.18491907
0.46156093
-0.32089674
0.2817056
-0.32127392
0.17477939
-0.3043992
0.23259799
0.12885022
-0.3838755
0.5101432
0.23826104
0.20775056
-0.2123027
0.3251976
0.25139353
-0.13093267
0.27159703
0.25437018
-0.1044607
0.15168475
0.1376059
0.27487
0.030402133
0.17504573
0.1646402
0.13842423
0.12744379
0.35784492
-0.035795696
0.27826622
-0.06780617
0.19535229
0.20707767
0.18194014
-0.15261681
0.27846572
0.042863656
-0.039993472
-0.2261676
0.1816533
0.15020436
-0.054825075
-0.3158675
0.2876391
0.08167608
-0.15550932
-0.43378535
0.08545931
-0.12483514
-0.24638869
-0.3845496
-0.020464076
-0.14244543
-0.05551347
-0.2607894
-0.2488387
0.047214687
-0.16252685
-0.18125558
-0.10219066
-0.008406945
-0.19357073
-0.23882516
0.029502284
-0.024215356
-0.18260567
-0.106256224
0.18503936
0.065181345
-0.09704404
-0.15388222
0.1777995
0.10644043
0.07327666
-0.12855299
0.18754983
0.12998906
0.06253853
-0.09088064
0.21347801
0.091488205
0.10947221
-0.07633887
0.22041094
0.12140031
0.22035459
-0.13148451
0.34548208
0.17117025
0.1458491
-0.029151995
0.42147332
0.12488859
0.3687574
-0.26750544
0.25832766
0.22094645
0.09358084
-0.42868775
0.27311555
0.15591544
0.46251553
-0.5342242
-0.08943001
0.827065
0.17229992
-0.15989882
-0.02427452
0.6105402
0.08079484
0.12887673
-0.037176628
0.35912964
-0.2740032
0.038202718
-0.028927535
0.06231861
0.016068429
0.27856618
0.2858105
-0.35463417
0.35534993
-0.08627951
0.3902024
-0.17382841
0.44374427
0.074530385
0.031347428
0.57578385
0.57184845
-0.3042326
0.29416674
0.44230318
0.4906852
-0.124010466
0.34537444
0.1352601
0.39936727
0.07657423
0.20850319
0.32066804
0.36387393
-0.037930034
0.38410956
0.3372182
0.2002596
-0.007997022
0.3144772
0.2979128
0.12694919
-0.10678369
0.1767747
0.1704182
0.12616068
-0.08984986
0.12281742
0.0744093
0.040755063
-0.2287777
0.04352629
0.05961244
-0.055228785
-0.20413676
0.1494073
-0.15669535
0.0061705303
-0.10503456
0.14374788
-0.051878013
-0.05090024
-0.10840456
0.022911575
-0.0018012283
-0.0635391
-0.10317404
0.24580611
0.036242224
-0.05592787
-0.14102776
0.1302807
0.12038004
-0.099914216
0.008630526
0.19140293
0.06381611
-0.07060144
-0.098877236
0.3224686
0.18344286
0.0052441033
0.0045182616
0.14928882
0.20799537
0.08319241
-0.15689291
0.29740635
0.24225773
0.12283229
-0.09103479
0.36374655
0.2839055
0.10868869
-0.11719341
0.376498
0.11411084
0.22611268
-0.14822198
0.30436978
0.24459027
0.11901354
-0.52050966
0.1658142
0.44035137
-0.09706918
-0.33213297
-0.0050769057
0.534465
-0.24256298
-0.21351627
0.114570074
0.18716529
0.13041365
-0.34860396
0.3049188
-0.21199064
0.2749034
-0.11478883
0.06272621
0.3048663
-0.3092904
0.31524485
-0.1701777
0.28270662
0.2482806
0.07123799
0.2070364
0.31491807
0.7015735
-0.26226705
0.18129951
0.5320007
0.74469304
0.04035138
0.43326324
0.21647996
0.43814498
-0.1494754
0.23226222
0.18111335
0.09621013
0.07000837
0.18354687
0.31595355
0.16523886
0.080880426
0.35032436
0.17859115
0.19813271
0.013659114
0.18018615
0.085408986
0.08578977
-0.037395064
0.17908806
0.16476993
-0.0039203973
-0.06913122
0.0850917
0.0190947
-0.075873695
-0.19060834
0.12734506
-0.057302255
0.06312954
-0.09495165
0.15939845
-0.0623595
-0.010076137
-0.13036454
0.2836946
0.025670638
0.012069988
-0.14402558
0.1850854
-0.0022088876
-0.080156535
-0.08887042
0.13604946
-0.04514559
-0.12010108
-0.09791674
0.056469757
0.026869258
0.013496206
-0.20279366
0.16716029
-0.011805946
-0.10624644
-0.17266542
0.24262786
0.08033511
-0.14181812
-0.23602307
0.089082316
0.107891314
-0.14570074
0.047752857
0.09055334
0.15340254
-0.0297507
0.037071813
0.08158491
0.022248587
-0.080901645
-0.17964762
0.19436532
0.116466485
-0.025066461
-0.23431656
0.13969122
0.1483384
-0.0073900395
-0.5173168
-0.07868615
0.26704946
-0.16621014
-0.49497932
-0.33601308
0.43174002
-0.34833938
-0.69551724
0.29644573
-0.13986896
0.08091675
-0.1514743
0.15520793
-0.14494318
0.18420298
-0.19946107
0.07355609
0.32258946
-0.32835886
0.10712277
0.25425228
0.09980377
0.014145665
0.16382553
0.30169457
0.3460966
0.6005338
-0.058036495
0.54702467
0.5243091
0.35857433
-0.039317265
0.2773173
0.42305085
-0.069835134
-0.16607544
-0.036942348
0.34235469
-0.14220749
-0.056398768
0.15592805
0.24005614
-0.05080358
-0.110307366
0.0862432
0.31534517
0.115782134
-0.09240786
-0.00603606
0.05968618
0.11862073
-0.11038973
0.018670164
0.07354522
0.09435105
-0.080112346
0.1023494
0.113821566
0.07370901
0.041499324
0.15629803
0.02881177
0.020859104
0.0018263278
0.28004858
0.0801893
0.117753714
0.0002849125
0.23481336
-0.06738497
0.11012588
-0.0063950177
0.08127507
0.11774785
0.06893744
-0.085237406
-0.006113433
0.040992435
0.08083024
-0.08696488
0.070657775
0.051540364
0.048911434
-0.09559953
0.050354235
0.025916947
0.028619511
-0.1318574
0.13040619
0.06153141
-0.12817669
-0.11799247
0.19468921
0.023268856
-0.057214472
-0.20768332
0.17570257
0.11499984
-0.054466456
-0.24410784
0.2090706
0.028844545
-0.27848244
-0.19615895
-0.023541098
0.04222042
-0.021861164
-0.21519135
-0.0637291
-0.11930148
0.21539764
-0.4670378
-0.33297336
0.24690709
-0.15516266
-0.41524878
-0.3747914
0.17399496
-0.13812357
-0.065488674
-0.13058919
-0.24677856
-0.45246688
-0.13823014
0.048553023
-0.2459415
0.22330853
0.032706402
0.045911103
-0.03739787
0.060073093
-0.031776328
0.060235217
0.010442182
0.041779816
-0.42309573
0.7326632
0.2283006
0.85469157
0.057580817
0.70865375
0.07209703
0.849785
-0.021014059
0.24996921
0.20066503
0.37542585
-0.18207444
-0.075609304
0.1986107
0.021843117
-0.31279725
-0.036903355
0.21594669
0.03177488
-0.17951262
-0.12624095
0.07384719
0.12853703
-0.024063028
0.07371147
0.013481314
-0.11180536
-0.22763824
0.07899086
0.06368042
0.1322338
-0.067040645
0.096887946
0.0042417473
0.17098066
-0.066460796
0.15764421
0.051592376
0.27050775
0.07755955
0.1555099
0.15713161
0.14729251
0.055929143
0.2255734
0.12539724
0.12109195
0.15846647
0.2846608
0.019258376
0.11542479
0.059156172
0.20927785
0.031074557
0.057389233
0.1290451
0.20476744
0.057032883
-0.011019298
0.030844865
0.086537756
0.03336658
-0.06799697
-0.05568512
0.13271989
0.10794864
-0.061526112
-0.0105074
0.31428155
0.14276527
-0.12341235
-0.11770923
0.35420227
0.09732137
-0.2660176
-0.13673717
0.3150096
0.059696216
-0.31159306
-0.38270435
-7.345612e-05
0.10914174
-0.017275838
-0.18738744
0.16530919
0.17463565
0.13761465
-0.19509357
-0.34670922
0.09426614
-0.09592287
-0.27868718
-0.02146212
0.07886769
-0.16599208
0.1009541
-0.3365036
0.20504503
-0.4576373
0.0609906
-0.025844838
0.0871183
0.0116882175
0.027195014
0.03341472
0.0064512566
0.05495578
0.0067668855
0.07358047
-0.012154587
-0.0033251867
-0.24586564
0.2770989
0.3337155
0.17267439
0.06536531
0.3511158
-0.036958087
1.1180278
0.21089955
0.04804205
0.010231506
0.78895867
0.2868736
-0.41372144
0.2794533
0.42754698
-0.0690453
-0.1643525
0.07627244
0.49039719
0.21631281
0.06304639
0.017800674
0.26599798
0.24032466
0.19092204
0.06676927
0.34477878
0.16805387
0.18691543
0.14157847
0.12001166
0.27221844
0.22983117
0.07923207
0.17734654
0.27817252
0.24048847
0.16270018
0.19100204
0.11729784
0.3366015
0.16966873
0.24531998
0.11912121
0.33133572
0.053773828
0.25594515
-0.087419264
0.20130575
0.23874359
0.16718306
-0.028679416
0.2573612
0.1721672
0.075214654
0.13330455
0.4017181
0.112002656
0.07524248
0.15900785
0.26756552
0.09681696
0.22911936
0.15392366
0.38691133
0.05021441
0.0509227
0.37741068
0.28661034
0.012817049
0.00025880002
0.3843552
0.2065791
0.030397184
0.124017514
0.2559775
0.13620926
0.00014232405
0.22923113
0.06326271
0.24383017
-0.23489727
0.07081613
0.2330534
0.074586816
-0.07832403
0.106046215
-0.52964306
0.16902423
0.38720298
0.18014306
-0.34281707
0.050723173
0.3119428
-0.5499805
-0.3904499
-0.06775115
0.3765826
0.259455
0.039474964
0.07984546
0.054944277
-0.009017736
0.013771683
0.02678594
0.047749355
-0.07430045
-0.0067973807
0.06287885
0.030290775
-0.055518977
0.16912577
0.10798573
-0.3254286
-0.10401198
0.34565866
-0.04973244
-0.45067856
0.3343704
0.3280532
-0.12088239
-0.42545712
0.49049723
0.64531696
-0.2784071
-0.38131717
0.5969035
0.28289083
0.09920929
-0.21734896
0.4893899
0.65639305
0.018910997
-0.3410971
0.5782993
0.6235437
0.1348494
0.050714314
0.69084746
0.53966457
0.071905404
0.07940825
0.6760566
0.37281924
0.27657318
-0.14937337
0.44626257
0.4436123
0.06623592
0.101823404
0.62984014
0.39371747
0.037452854
0.16447291
0.48111597
0.42466992
0.16826881
0.14424586
0.5141371
0.507057
0.15572934
0.13748594
0.51804125
0.4679542
0.31308317
0.1049973
0.57483006
0.664918
0.36512315
0.15785336
0.6447551
0.74495894
0.4133508
0.18048598
0.6758152
0.9706626
0.49041197
0.29524934
0.6807562
0.85267466
0.38018185
0.02350909
0.8303433
0.78262794
0.24235001
-0.17189176
0.5489954
0.61652803
0.21017498
-0.37718523
0.66369003
0.30808127
0.2867313
-0.4463203
0.356141
0.49069372
-0.11206262
-0.17081727
0.10676092
0.31069025
-0.17357516
-0.2103177
0.53697133
-0.040770195
-0.1988219
-0.13607441
-0.011220975
-0.3075504
0.15718925
0.26053566
0.3474884
0.08666094
0.044209734
0.031671807
0.050778583
0.053253263
-0.029825676
0.052200615
-0.07141428
-0.07556683
-0.039617687
-0.017944232
-0.02948694
-0.07867567
0.018235154
0.038701534
-0.020839334
0.30160674
0.30307144
-0.34765136
-0.22028606
0.51118827
0.35675573
-0.3971004
0.08338943
0.49425256
-0.19783445
0.07439631
0.26988184
0.60204613
-0.2542959
0.09238608
0.33871496
0.68014884
-0.17144562
0.062723555
0.6825217
0.78550625
-0.13800572
0.3591638
0.61350596
0.8788551
-0.07698159
0.20787396
0.57986873
0.63962454
0.006249396
0.1396801
0.6408951
0.5479596
0.14858937
0.16981344
0.8110648
0.63516784
0.23620935
0.14408624
0.74155945
0.69007707
0.17845322
-0.040467765
0.9873641
0.9245956
0.17961097
0.17391725
0.8779263
0.64359397
0.037562564
0.27600935
0.8215609
0.6665948
0.15829732
0.20327313
0.996973
0.7154093
0.25425804
0.23686802
0.97441024
0.7635604
0.30834225
0.20243053
0.8472122
0.27427614
0.44103447
0.28738272
0.92109585
0.288408
0.5394854
0.17725644
0.7133739
0.27888975
0.2604264
-0.13652015
0.7652897
0.14870842
-0.08009497
-0.34618178
0.6802001
-0.018876813
0.17589125
-0.09150703
0.5030737
-0.09849282
-0.2453157
0.03142488
0.2400321
0.08014445
-0.15319765
0.24481632
0.23448133
0.08176713
0.0070980415
0.007861957
-0.002990529
-0.06913346
-0.076908745
-0.05476162
-0.030839134
-0.017591849
-0.03336598
-0.06786604
-0.035643093
0.021315418
-0.001890175
-0.027939059
-0.017026596
0.02935344
0.05896412
-0.06977242
0.05816695
0.012003072
-0.035475116
-0.009497337
0.051478863
0.08900704
-0.09894475
0.2854235
0.18504454
0.27887812
-0.03847629
0.42349944
0.23417889
0.32716823
-0.3064525
0.5106056
0.24662982
0.30770332
-0.4543243
0.46270308
0.2382251
0.2176694
-0.4324225
0.52553624
0.62256205
0.43002418
-0.046435304
0.77851534
0.55098903
0.28395125
-0.25154436
0.8126735
0.7581124
0.781169
0.119413376
0.6668307
0.43141362
0.7935189
0.12941116
0.4864439
0.5266235
0.71568966
-0.1745392
0.8970636
0.95749617
0.8548002
0.138755
0.71538144
0.9751127
0.8641023
0.04427968
0.66240615
0.6526045
0.7665056
0.0015374459
0.5655795
0.75015855
0.66525126
-0.22299245
0.5100114
0.82380015
0.61036
-0.16059461
0.12706864
0.45945543
0.20198412
-0.12590839
0.32776317
0.6051847
0.36768544
0.007890497
-0.11284536
-0.1641632
0.11132555
-0.32910773
-0.2169424
0.14463371
0.45550305
-0.28905353
-0.4026631
0.20524433
0.4014918
-0.06770809
-0.047864687
0.40696073
-0.014584169
0.05882059
0.01149644
-0.036661107
-0.03204984
0.086349845
0.071174815
0.060514912
0.0029430985
-0.02317977
-0.031918313
-0.0047098175
0.011919454
-0.06512375
-0.08203199
-0.043084886
