-1.027588
0.19198711
-0.18237174
-0.15183982
0.8614181
0.15825488
0.14734747
-0.46414122
0.7591116
0.573891
-0.59732866
0.25962052
-0.31878436
-0.18121637
0.44340864
-0.7581915
-0.81664574
1.2889234
-0.7974878
0.3216212
0.814922
-0.76472276
-0.3640803
-0.8924027
0.092749886
-0.03879379
0.7975195
-0.70511526
-0.6292273
-0.7946672
-0.3482505
0.22829217
-0.11797121
0.2195524
-0.006625116
0.43726277
-0.068415165
0.26578623
-0.10024339
0.5156462
-1.0749518
-0.96214986
0.243794
-0.65262496
-0.10657754
0.07091272
0.48644865
-0.3957261
-0.7625733
-0.8862622
0.44922826
-0.6066133
-0.0099465735
0.5806721
-0.9981971
0.45870823
-0.586846
0.25061586
0.18973011
0.20398138
-0.035746165
-1.9234542
0.42354083
-0.82245976
0.48763013
-0.7419867
-0.057303835
0.03621008
-0.27832398
0.54159445
-0.4252847
0.88295496
0.45187998
-0.15145308
-0.7260197
-0.6807839
0.15055288
-0.33011737
-0.20684636
-1.0757263
