47
-26
1
14
25
38
8
-48
-4
12
13
47
43
10
-3
11
69
-21
-40
50
63
31
10
-24
7
-4
-28
0
-22
47
43
-30
-19
-11
-10
27
-4
-24
48
-8
-4
34
-15
3
-19
41
16
70
30
70
41
9
44
-15
36
50
-30
0
-30
-49
14
50
-12
53
-33
19
53
2
51
14
4
58
57
-28
71
25
-8
35
34
25
39
21
12
21
4
-30
37
-14
53
51
-10
-26
5
13
28
20
-37
26
-38
70
-46
2
-17
37
-10
11
60
19
-10
13
-15
-41
61
-9
-23
38
-11
39
5
-45
31
-10
7
-16
5
35
-19
34
72
-21
-24
-27
62
74
-59
70
46
-17
55
-9
-24
52
44
27
12
42
43
42
26
-21
-44
35
34
-4
7
27
-29
54
-30
4
25
-26
-20
26
57
-2
4
48
-43
-31
-6
-21
3
20
20
67
-14
75
40
34
4
21
-1
-11
-17
10
-20
35
-25
31
18
-19
-10
25
43
18
34
16
10
9
47
51
74
28
38
-22
-24
1
8
10
-5
-45
-5
45
44
59
10
43
-35
20
4
68
63
-5
35
-13
-42
25
14
20
32
8
2
61
54
12
29
27
70
-9
-14
17
8
36
12
-50
7
-14
8
1
35
-54
36
61
-23
-13
