25
20
-15
-4
-32
-21
-24
17
32
-11
-2
32
-33
-26
-11
1
-47
6
-17
22
29
32
-47
-41
4
11
0
49
12
-36
30
20
-15
47
34
-19
10
-8
-16
-34
-15
-69
19
27
-28
2
-37
-60
14
28
14
-7
14
-42
-63
36
-38
-14
-5
31
-30
35
21
-40
-12
-14
30
-16
-24
-38
10
8
-22
16
17
-23
-18
24
-37
5
-17
9
34
-2
26
-55
9
18
-2
-38
-1
18
-12
-48
-18
-12
17
10
13
-20
11
-7
-28
-34
-34
26
20
11
-25
-8
-25
9
15
-15
18
-30
12
-32
15
-32
-20
-28
37
-9
28
45
-30
-5
-16
-56
19
-3
-4
-25
3
3
21
44
-13
-41
-19
12
-10
10
-40
24
16
-20
0
-24
-65
0
-46
-38
-16
-87
25
28
-9
25
-28
-26
15
-14
14
2
-36
-17
35
13
32
4
-31
-20
26
20
1
-3
-44
-28
-37
-16
16
-2
-11
19
-38
12
-24
-19
19
6
-31
-38
32
-48
23
-13
4
-4
3
-24
-12
-42
-17
-14
-36
9
31
-20
25
-24
-15
6
2
-30
-18
20
15
13
-54
2
2
9
-49
33
8
20
-1
-4
-18
3
5
-10
-23
12
-71
26
-23
-5
-6
-9
7
-10
-38
-2
34
3
-11
1
35
7
-31
-41
-8
0
24
-1
-8
9
-10
-1
-55
-23
-38
35
10
18
-23
-31
19
19
9
-5
-32
-33
-25
9
15
17
-39
30
1
-33
-51
29
27
18
-8
13
9
10
-2
-29
-20
24
9
-20
19
-29
-23
-63
29
-19
23
-19
31
-17
-7
14
-11
-1
7
-25
14
8
16
3
-1
-19
8
-43
-1
25
-3
34
10
-25
-21
4
-12
13
-7
-9
13
-11
-4
12
12
-15
-27
30
40
4
16
-42
-11
-23
-29
-5
-44
-3
13
25
-22
10
-24
10
14
-24
20
34
20
-16
10
12
-2
34
-26
-48
-35
18
-4
16
-35
-31
18
3
-13
9
18
-21
1
2
-27
-19
18
-32
20
-27
-11
18
1
-7
-20
-8
-58
-2
-16
29
15
-19
-5
-1
20
0
-38
-38
-53
21
-21
-5
-21
-31
19
22
-2
-53
15
-1
16
-16
-6
-40
-44
15
-5
49
-34
-12
13
-41
5
-19
-32
-39
26
31
-45
-37
8
4
-3
-14
0
16
20
-6
8
-4
2
6
-6
12
16
9
8
-51
9
-3
17
-11
-16
-44
2
3
21
10
8
9
-15
-6
24
14
-2
-7
-13
-41
25
-1
21
-23
9
10
-48
4
19
5
17
-3
-17
-29
-1
-6
-35
7
0
-34
29
19
14
-39
-17
18
-6
13
-1
2
20
-10
26
-37
9
-33
8
19
-44
-12
-20
27
-24
-29
-2
1
8
5
-36
10
-3
15
3
5
-9
6
-30
25
-34
17
-9
-8
36
-15
-22
17
17
-26
-47
-35
7
-37
-43
-24
-50
29
19
11
-45
-25
7
20
23
24
19
-84
-8
-4
-18
24
-10
31
-9
28
16
21
-29
-6
-49
-16
10
15
-41
25
0
15
-9
-12
-21
24
-72
-16
26
1
-4
0
-5
3
11
-25
-22
28
-2
-15
-4
-25
17
11
11
-4
-41
23
-3
-38
-25
16
-39
14
-6
-18
2
-11
22
11
-8
7
-34
0
-2
-46
-31
19
-19
-38
-20
11
-7
-14
-12
-19
27
25
-2
-19
-16
-1
-34
28
-20
27
-19
6
5
-45
0
-13
16
13
19
9
-11
-6
0
-31
-8
17
-58
8
8
8
20
-5
-42
-7
-39
22
-35
28
36
44
9
8
10
-49
16
1
-6
14
7
-32
7
23
7
6
26
-2
16
-2
33
-69
-13
14
-23
3
4
14
-12
-22
-42
-24
-13
23
-18
0
-13
12
4
8
-54
13
27
13
-15
-34
18
-10
3
-27
-4
8
23
-2
-5
20
-17
-17
32
-59
-40
-1
32
26
-16
-31
-38
-5
1
3
-16
-23
4
5
-28
40
4
39
45
-34
-29
28
-29
-42
7
-18
-12
37
38
-47
18
11
-13
-18
1
-20
7
-12
-5
-20
14
5
8
-15
17
22
4
-8
-2
-13
-9
-4
17
16
3
-7
-15
17
7
3
-68
12
2
9
-13
14
-29
0
-33
14
7
-24
19
-21
38
-18
-1
-5
-57
-5
-1
-11
-12
-37
43
-15
-1
8
11
-16
-26
-20
-9
-20
-21
-36
-1
20
4
15
23
-33
-7
28
-52
15
-75
17
12
-5
12
31
5
23
4
-20
36
35
-17
-38
-7
31
-34
-15
27
-31
-1
-27
-3
-7
1
-34
-12
-15
26
-12
28
19
-30
-14
-6
-3
-33
15
-32
-43
-7
-47
26
8
14
-8
21
-13
-32
-9
-38
7
10
11
10
14
16
16
7
-12
20
-15
-60
16
23
-43
-7
30
8
43
-12
14
-4
21
-3
23
-36
8
10
17
24
-35
-21
-26
33
-27
-2
-34
-23
6
21
9
52
-30
-59
-24
-33
-7
-31
10
-12
-23
16
-16
-9
21
7
4
-9
-5
6
22
-14
-13
-42
-15
6
5
-33
-1
10
13
-6
-19
-32
27
-30
13
-6
19
-33
17
-24
-8
14
-15
17
-9
35
27
18
-57
18
19
-56
29
-19
-11
12
-37
2
6
10
-3
-33
16
20
11
1
28
5
-3
-3
-12
14
-23
-28
-22
-8
-34
19
16
14
-44
49
30
-11
-38
10
13
-1
22
-38
-17
23
-8
-21
-46
18
-36
-55
6
13
26
12
25
-5
-25
-14
27
26
-23
-2
-13
-22
21
10
-54
-24
-21
13
25
-11
12
19
33
-43
-60
-58
7
-26
12
-10
14
-37
-30
12
30
4
6
36
-32
-5
13
-49
-23
-25
19
30
-16
19
-17
-30
-23
-2
25
-28
-9
-23
12
-49
7
17
-34
11
-16
-3
-3
3
5
9
13
-7
22
-20
-33
-39
-8
-5
5
37
-8
-55
-3
-22
27
-26
19
-23
-20
-3
5
20
-15
-13
-22
6
-1
0
28
0
39
27
-50
-47
10
-18
-3
23
17
-26
9
27
-33
18
21
-40
-11
29
-16
22
-14
27
-47
6
-63
-15
-8
25
-27
3
13
-33
1
13
-19
-9
6
-4
6
-14
-4
-31
3
5
-17
15
-12
-10
-17
-87
13
6
32
-14
-15
-6
13
17
-19
-16
22
-45
20
-22
-20
-17
20
9
-43
-12
-4
16
0
0
-2
-28
3
-33
-35
19
22
-23
13
-30
41
-19
-12
-45
25
0
19
-28
19
10
-24
5
-36
-20
18
-8
14
-12
28
-42
5
-24
23
39
-29
6
-43
-8
-3
14
-68
-19
-4
-22
21
-24
-39
13
2
32
4
26
-9
-30
8
-10
25
18
-39
-32
23
-23
27
-38
12
-23
4
-1
10
9
2
23
3
-49
-48
15
2
20
21
-90
21
19
16
22
11
27
-11
-37
5
-41
19
-35
30
-38
8
-19
16
-6
-3
17
-65
-24
37
13
-4
-35
19
-26
13
29
23
-23
-14
-17
-4
30
-8
-16
-19
-16
-1
25
-23
-13
-24
-32
-17
24
-18
0
6
18
12
-50
27
14
27
-31
3
-60
23
-25
-19
-29
-30
12
15
22
-14
4
-2
23
-31
19
7
-64
-41
28
0
-7
-32
-11
28
2
-3
20
-4
-9
16
17
-14
-19
-23
-40
-31
-22
-18
18
-2
-26
2
27
19
12
6
-35
-53
44
-37
-17
38
-42
21
25
12
-26
1
18
-19
7
1
-14
27
15
-21
-11
-31
5
17
17
-27
13
-4
-20
-2
0
-31
32
-29
-39
-9
-2
12
-11
-27
-16
6
-47
25
1
-20
14
23
3
-15
-65
8
18
32
8
-20
-6
-6
-31
7
21
20
-13
-50
-36
8
21
-10
15
-6
11
5
-51
-10
-28
0
20
-18
-14
-10
25
-15
21
-24
-10
-15
2
5
-32
3
19
-5
32
-59
-36
10
-9
-7
30
21
29
10
-49
-13
27
24
2
-17
-19
12
27
36
-49
-19
15
25
-2
-38
5
-19
-5
21
-30
-26
-34
12
19
13
26
0
-6
-22
-36
-33
8
-2
13
-3
8
-34
11
26
-40
-19
-35
18
-21
24
-3
27
-47
-38
31
-36
26
11
8
-1
26
-38
28
-24
-38
-14
19
9
26
-7
-41
18
-21
21
-26
16
-44
-16
-21
-3
-14
24
-3
-28
12
-11
-7
-33
28
-24
-21
20
16
19
4
22
13
6
-12
3
5
25
-3
30
-56
16
27
20
-31
-45
-4
-11
-33
4
37
-15
-13
-15
0
-4
2
-7
10
15
25
3
11
16
-46
22
29
-12
-38
12
33
-45
5
2
-41
-8
21
12
18
-13
2
-65
6
10
17
23
-26
-12
35
-25
-20
21
-15
3
25
-27
40
-9
-14
-46
-15
-11
25
-3
-1
28
-32
35
32
-23
-42
-3
26
-42
5
-20
11
-29
-20
5
-12
11
30
-17
12
-24
3
23
28
-4
-42
-6
-47
26
-15
-6
-18
-31
-42
-11
-2
-35
-28
41
-8
4
-15
10
-29
-3
3
-9
-9
18
8
2
-33
29
25
-33
-31
26
-11
-3
-14
-21
14
-12
11
9
-29
3
11
-30
5
8
-45
-55
46
11
-21
-3
-18
-61
-15
47
14
19
-49
-54
-45
-25
45
-15
25
-52
3
9
-9
-43
23
-26
-17
-18
23
2
-4
-4
0
25
-8
-27
23
19
-2
-12
-21
-3
14
7
-6
20
22
-45
29
-31
-3
3
24
18
9
-32
-50
5
12
15
-63
24
-12
-17
6
-30
22
-75
32
31
11
-43
-32
26
51
-22
18
-6
-49
0
-23
77
-5
-36
17
7
-31
11
-9
-22
24
-11
28
-30
-17
-25
21
-39
-28
-13
-19
-39
14
38
-23
-7
-32
31
-27
5
-23
12
-28
-2
-9
14
-11
26
16
-24
3
-19
-9
-31
-36
18
-33
10
-11
22
18
11
6
-3
23
-32
-42
5
-47
13
-13
-8
19
33
36
-35
5
-18
-27
-48
-13
54
-59
31
29
4
6
-28
-30
7
-40
17
-4
3
27
11
-33
-16
11
15
-21
-7
11
-17
20
21
-5
3
-6
-22
26
6
19
-2
-1
35
25
10
-41
-56
7
41
-22
7
-16
-34
18
13
-57
7
-26
12
6
-44
14
1
20
8
3
-24
-9
11
6
-1
-20
-4
-34
-18
7
-1
16
18
22
-27
4
-29
-12
3
12
0
-41
8
25
19
0
-37
0
20
15
-30
-8
16
15
-23
-11
25
-21
-3
18
11
-24
21
28
-39
3
30
13
-68
-5
-13
-23
-5
55
19
-8
-12
-11
-48
9
-42
-2
15
-5
-17
7
22
-6
-7
22
-2
0
-7
-58
25
-10
16
6
-32
7
-12
2
-32
-7
-6
14
5
18
-39
7
-4
12
3
33
-16
2
-44
10
-15
-32
-70
46
-90
-37
14
30
-33
-26
27
-31
18
12
5
11
-4
-4
-4
-51
20
1
-4
41
13
-4
2
19
-18
-1
-9
-54
21
-24
6
0
-49
10
-40
-14
36
-12
27
-2
-44
-39
-2
7
38
8
50
-57
-20
-40
29
-25
1
7
35
-14
13
17
-22
-34
17
19
-51
6
-18
-22
38
-33
-33
-18
-20
-14
-29
22
-14
-8
28
-9
-12
13
26
-9
-61
37
-40
16
-1
-9
-9
2
-10
-14
18
16
16
-13
-33
7
26
-44
7
-7
-35
12
10
13
-26
10
-22
29
-12
-11
-3
-27
-6
-10
-36
18
10
1
-17
9
22
-15
-4
-13
-17
21
-12
28
-50
-9
25
-52
-17
-15
-16
5
-11
25
10
-10
-16
-44
0
12
20
-30
-3
-3
20
15
-23
-30
-29
-5
14
20
-3
-31
20
24
-23
-1
24
-5
19
26
-48
19
-25
7
24
-34
0
16
-33
22
-19
16
4
-1
-25
-15
22
21
-6
23
-24
-3
10
-38
-18
18
-54
25
20
-36
8
-16
-20
-46
-22
30
6
24
-48
9
21
-12
13
-24
-16
25
0
-21
-5
2
11
-13
-2
-25
-24
-20
-29
6
42
5
0
-41
-25
-63
-7
-31
11
-19
45
-2
-25
-45
-32
29
-7
9
-4
-33
33
-59
21
18
-36
1
11
-16
-26
29
-6
-2
24
-17
-35
21
13
2
13
15
19
19
-21
-15
-34
16
14
-24
28
-21
16
20
-33
-35
25
7
16
21
-36
-24
12
-3
-18
-32
11
-47
20
-1
-22
-19
-28
26
-17
-23
69
-6
-54
31
65
-34
-66
-2
-41
-31
-17
-19
32
-13
37
-7
-50
-18
6
-1
16
23
-3
-18
18
-19
-37
15
-32
-12
-26
-25
34
9
-23
34
11
-14
-6
-29
-40
-10
11
-26
17
6
-7
15
18
40
2
-22
22
-44
28
-16
2
6
-17
-11
15
-8
-4
-1
-6
-13
-12
11
-17
-4
-45
0
-24
2
20
6
11
1
-1
12
26
27
-33
-34
-29
11
8
12
37
-17
-25
-30
11
-28
35
-4
-14
4
13
-30
-11
15
-28
-12
42
-22
26
-5
-32
4
13
-26
-31
7
21
-7
23
-17
10
-6
-16
20
4
7
8
-21
8
1
8
-23
21
-1
-32
23
-7
-39
26
-13
13
-7
25
12
-22
11
-19
-31
-2
11
-6
16
20
23
2
-50
-6
-26
6
-22
-42
20
-33
29
23
-43
-25
5
-16
9
-13
17
20
18
21
-2
-8
-6
14
-36
3
14
-50
-4
17
-28
25
3
-2
5
2
15
8
-24
13
8
-58
-22
-14
30
30
9
0
-21
0
3
-7
-2
-3
2
-2
16
4
24
0
-48
-30
-33
19
6
-31
